bn:
  multiplicity: 3
  pbe:
    diagonal: [2.697707168677009, 3.397170680371137, 4.567877579077785]
    mean: 3.55425180937531
fh-oh:
  multiplicity: 2
  pbe:
    diagonal: [2.121875612052337, 1.8144333647667272, 4.044388386117247]
    mean: 2.6602324543121036
of:
  multiplicity: 2
  pbe:
    diagonal: [1.1862301376813822, 1.280396173250224, 2.163255940619459]
    mean: 1.5432940838503553
oh:
  multiplicity: 2
  pbe:
    diagonal: [1.0211334225117288, 1.3099834416189093, 1.3791950016439567]
    mean: 1.2367706219248649
